0 0.03203125 0.49375 0.0296875 0.03515625
0 0.0765625 0.50390625 0.0328125 0.0359375
0 0.1140625 0.5171875 0.0265625 0.03359375
0 0.75234375 0.521875 0.03359375 0.03828125
0 0.159375 0.525 0.03515625 0.040625
0 0.81015625 0.53515625 0.02890625 0.0421875
0 0.19921875 0.53984375 0.03359375 0.040625
0 0.6734375 0.54296875 0.02890625 0.03359375
0 0.3046875 0.55 0.0328125 0.0375
0 0.24921875 0.553125 0.0328125 0.04296875
0 0.56640625 0.5578125 0.03125 0.03828125
0 0.34765625 0.57109375 0.03125 0.040625
0 0.4921875 0.571875 0.0328125 0.04296875
0 0.4125 0.584375 0.0328125 0.04296875
0 0.75 0.6140625 0.03359375 0.0453125
0 0.696875 0.70390625 0.03359375 0.0421875
0 0.6875 0.7421875 0.03359375 0.0375