0 0.8828125 0.33671875 0.078125 0.03828125
0 0.35546875 0.38515625 0.08203125 0.04453125
0 0.52578125 0.39296875 0.05625 0.040625
0 0.08984375 0.44375 0.06953125 0.0453125
0 0.275 0.44765625 0.06484375 0.04921875
0 0.38671875 0.44921875 0.0625 0.04296875
0 0.071875 0.4640625 0.08671875 0.04296875
0 0.44296875 0.50390625 0.0640625 0.0453125
0 0.84296875 0.51640625 0.07109375 0.0375
0 0.746875 0.52578125 0.0609375 0.05625
0 0.60078125 0.540625 0.0625 0.0484375
0 0.0875 0.5625 0.06484375 0.053125
0 0.9125 0.61328125 0.05546875 0.0484375
0 0.24375 0.615625 0.06953125 0.04921875
0 0.44375 0.6421875 0.06640625 0.04296875
0 0.5359375 0.653125 0.053125 0.0375
0 0.9234375 0.7078125 0.0671875 0.0359375
0 0.9 0.80078125 0.05546875 0.04453125