0 0.25390625 0.33359375 0.046875 0.00859375
0 0.309375 0.34765625 0.0515625 0.01328125
0 0.459375 0.37578125 0.05390625 0.0203125
0 0.33828125 0.4 0.0328125 0.01171875
0 0.06875 0.428125 0.0453125 0.0109375
0 0.33984375 0.43515625 0.021875 0.009375
0 0.04140625 0.44765625 0.015625 0.00625
0 0.07109375 0.45390625 0.021875 0.00859375
0 0.09296875 0.21875 0.0609375 0.02421875
0 0.35546875 0.2375 0.0671875 0.02734375
0 0.2671875 0.28046875 0.04296875 0.01796875
0 0.9265625 0.3015625 0.0984375 0.021875