0 0.35859375 0.24921875 0.06875 0.02734375
0 0.69453125 0.33125 0.09609375 0.02265625
0 0.15546875 0.35 0.06640625 0.0375
0 0.2875 0.38203125 0.0515625 0.02421875
0 0.0765625 0.48203125 0.134375 0.03125
0 0.953125 0.52421875 0.0453125 0.03359375
0 0.56640625 0.728125 0.0515625 0.053125
0 0.8734375 0.740625 0.05546875 0.01953125
0 0.103125 0.77265625 0.0671875 0.040625
0 0.54140625 0.771875 0.05390625 0.025
0 0.36953125 0.8421875 0.02265625 0.0203125
0 0.5 0.85 0.03359375 0.0171875
0 0.33828125 0.85546875 0.02734375 0.01328125
0 0.4421875 0.9 0.0140625 0.0109375
0 0.8734375 0.9546875 0.04453125 0.025