0 0.8140625 0.38828125 0.15234375 0.0890625
0 0.6625 0.428125 0.103125 0.05390625
0 0.6984375 0.5953125 0.11796875 0.07421875
0 0.31015625 0.62265625 0.1203125 0.0671875
0 0.74765625 0.6234375 0.16796875 0.0921875
0 0.56484375 0.646875 0.04296875 0.03828125
0 0.53515625 0.68125 0.1078125 0.0890625
0 0.66875 0.703125 0.06875 0.03125
0 0.65703125 0.71875 0.04921875 0.01953125
0 0.7046875 0.75078125 0.04921875 0.015625
0 0.7171875 0.7703125 0.0828125 0.0171875
0 0.759375 0.803125 0.0421875 0.009375
0 0.72109375 0.81171875 0.0484375 0.00859375
0 0.7265625 0.85 0.0875 0.02734375
0 0.846875 0.86015625 0.04453125 0.00859375
0 0.88359375 0.86328125 0.040625 0.0109375