0 0.63125 0.3875 0.07421875 0.0640625
0 0.50703125 0.40390625 0.0765625 0.071875
0 0.54921875 0.04453125 0.06953125 0.06953125
0 0.81640625 0.45703125 0.08515625 0.05390625
0 0.29921875 0.4625 0.06953125 0.0640625
0 0.9046875 0.05078125 0.09375 0.078125
0 0.6234375 0.5859375 0.0828125 0.0515625
0 0.1203125 0.58828125 0.071875 0.046875
0 0.41484375 0.7203125 0.06953125 0.06640625
0 0.41953125 0.846875 0.06484375 0.03984375
0 0.3453125 0.9390625 0.06953125 0.040625
0 0.12890625 0.23828125 0.07578125 0.053125
0 0.84375 0.240625 0.09140625 0.071875