0 0.4921875 0.3859375 0.0421875 0.0171875
0 0.3765625 0.3921875 0.03125 0.015625
0 0.6703125 0.40546875 0.0421875 0.01328125
0 0.5890625 0.4109375 0.02890625 0.0140625
0 0.5265625 0.41171875 0.03828125 0.015625
0 0.44140625 0.41640625 0.02734375 0.015625
0 0.7484375 0.41953125 0.05546875 0.0171875
0 0.32265625 0.4203125 0.025 0.01328125
0 0.39453125 0.4234375 0.03828125 0.015625
0 0.64921875 0.42578125 0.03359375 0.0140625
0 0.59296875 0.43125 0.046875 0.0171875
0 0.490625 0.4375 0.02890625 0.0140625
0 0.3296875 0.44609375 0.04296875 0.0171875
0 0.240625 0.44921875 0.0296875 0.01953125