0 0.4921875 0.30234375 0.02734375 0.00859375
0 0.44921875 0.30390625 0.02890625 0.00703125
0 0.5296875 0.3171875 0.03125 0.009375
0 0.4359375 0.32890625 0.0296875 0.00859375
0 0.56328125 0.33515625 0.025 0.00703125
0 0.5921875 0.33984375 0.0265625 0.00703125
0 0.615625 0.3453125 0.025 0.00859375
0 0.42109375 0.3453125 0.0296875 0.00859375
0 0.4078125 0.36484375 0.0265625 0.00859375
0 0.65546875 0.36796875 0.02265625 0.009375
0 0.3921875 0.38359375 0.025 0.00703125
0 0.375 0.4 0.02421875 0.00703125
0 0.2265625 0.678125 0.015625 0.00625
0 0.46171875 0.28828125 0.02890625 0.009375