0 0.6078125 0.8140625 0.0625 0.02265625
0 0.90546875 0.83203125 0.046875 0.02421875
0 0.1015625 0.8515625 0.06875 0.025
0 0.38671875 0.87734375 0.046875 0.02890625
0 0.4203125 0.91015625 0.0578125 0.03125
0 0.165625 0.915625 0.046875 0.03359375
0 0.446875 0.93359375 0.0625 0.0203125
0 0.51171875 0.94921875 0.0578125 0.0375
0 0.2515625 0.95234375 0.0609375 0.0296875
0 0.20703125 0.95625 0.05859375 0.01796875
0 0.83203125 0.9703125 0.0640625 0.021875
0 0.7125 0.97109375 0.05546875 0.03359375
0 0.8140625 0.98984375 0.06015625 0.01796875
0 0.3921875 0.99296875 0.0625 0.009375