0 0.02734375 0.26875 0.0546875 0.04375
0 0.88828125 0.4328125 0.084375 0.03828125
0 0.80078125 0.43515625 0.078125 0.0484375
0 0.27734375 0.44921875 0.084375 0.0484375
0 0.56015625 0.5 0.0671875 0.053125
0 0.7484375 0.50625 0.06953125 0.046875
0 0.36328125 0.5125 0.05859375 0.03984375
0 0.09375 0.52109375 0.0625 0.0328125
0 0.51484375 0.603125 0.06875 0.04296875
0 0.33828125 0.61875 0.07109375 0.05390625
0 0.2703125 0.71875 0.05078125 0.03359375
0 0.22109375 0.8890625 0.0671875 0.0578125
0 0.9796875 0.2015625 0.0359375 0.04296875
0 0.4125 0.22578125 0.06015625 0.0484375
0 0.88359375 0.22890625 0.06015625 0.05390625