0 0.6734375 0.3578125 0.203125 0.21640625
0 0.21796875 0.396875 0.225 0.1296875
0 0.85546875 0.48515625 0.1203125 0.1671875
0 0.4390625 0.6109375 0.0515625 0.0828125
0 0.68359375 0.68125 0.11171875 0.05390625
0 0.16953125 0.6984375 0.06015625 0.021875
0 0.61875 0.71875 0.06875 0.0765625
0 0.328125 0.1109375 0.19921875 0.08671875
0 0.934375 0.2265625 0.12890625 0.16953125
0 0.48046875 0.26640625 0.1734375 0.31640625
0 0.83359375 0.26796875 0.1234375 0.26171875
0 0.06875 0.3140625 0.1375 0.259375
0 0.33984375 0.3484375 0.0875 0.0578125