0 0.0765625 0.315625 0.06640625 0.0640625
0 0.7125 0.39921875 0.07421875 0.0578125
0 0.565625 0.41875 0.05390625 0.05390625
0 0.7546875 0.48828125 0.053125 0.0484375
0 0.540625 0.4984375 0.053125 0.06015625
0 0.378125 0.54296875 0.06875 0.0515625
0 0.5640625 0.0578125 0.06015625 0.0625
0 0.53984375 0.58046875 0.06015625 0.05078125
0 0.69296875 0.58203125 0.05859375 0.053125
0 0.1203125 0.7421875 0.0578125 0.0421875
0 0.19375 0.7703125 0.07109375 0.0453125
0 0.44765625 0.7828125 0.05859375 0.0515625
0 0.37265625 0.78515625 0.0578125 0.0359375
0 0.4984375 0.8109375 0.05078125 0.03125
0 0.5265625 0.8109375 0.053125 0.03515625
0 0.428125 0.81953125 0.053125 0.03359375
0 0.3109375 0.85546875 0.07421875 0.0328125
0 0.25078125 0.89765625 0.05390625 0.03125
0 0.9234375 0.16796875 0.0734375 0.06640625
0 0.63984375 0.021875 0.05390625 0.03828125
0 0.87109375 0.2359375 0.06953125 0.071875
0 0.14140625 0.2375 0.0515625 0.0515625